36.169319492502886
36.01272657153876
37.498269468479606
37.149778681660486
39.11032776747062
39.24114185551521
50.78316610925307
46.24918743228602
42.62707154907214
38.01029554263566
43.45022870834241
49.82624178232286
40.573899692937566
57.09013251560618
51.363590212204286
34.95720578980491
34.238387715930905
34.18547041458093
42.18013291360616
31.26835580983517
33.412871415596214
37.18105009052505
37.68646133392422
35.64944310483408
39.6352587244284
33.59791817961752
36.52949245541838
42.556572289805146
37.943971985992995
38.11628178213203
44.729766464846165
32.49271905598795
30.879441624365484
35.62156708889138
32.51763395619354
38.7436969466616
31.909384277784948
33.266700598040465
30.523849025300706
29.055290890717483
31.21049037016801
32.355675533315775
32.76180170431489
28.51158272306083
29.161211599196097
30.603698435277384
30.05745140388769
31.004250651309476
29.191254480286737
29.39669421487603
30.22072524007453
30.250582271544047
29.191254480286737
30.99112050739958
30.22072524007453
29.161211599196097
28.613069016152718
29.191254480286737
28.053833358536217
31.937172051919358
29.885850694444443
31.856491082538366
29.205650365696258
30.674082471305088
29.161211599196097
30.097274031563845
30.22072524007453
28.299595141700404
30.43100511073254
29.735533585344577
29.191254480286737
29.161211599196097
28.428253780017787
30.097274031563845
30.315217391304348
29.161211599196097
30.209628610729023
29.161211599196097
28.053833358536217
28.627185892725937
28.053833358536217
28.053833358536217
28.696420745069393
29.05743392883508
30.097274031563845
28.053833358536217
31.96365897471328
28.473581799131868
30.22072524007453
29.161211599196097
27.947408191023122
30.097274031563845
29.161211599196097
29.161211599196097
29.161211599196097
28.311203938534984
28.053833358536217
31.230674510877
29.161211599196097
27.947408191023122
29.365513313398832
29.161211599196097
27.951914380464274
28.318229244298703
29.250107311489483
30.091882983106718
29.191254480286737
29.191254480286737
30.77032002265647
29.913269731136168
28.35277446300716
29.191254480286737
29.161211599196097
28.053833358536217
30.097274031563845
29.161211599196097
29.191254480286737
29.161211599196097
29.86947063089195
31.774795960713792
30.014778325123153
31.3579418344519
29.644880174291938
29.161211599196097
28.053833358536217
29.573925710123817
29.161211599196097
30.097274031563845
30.22072524007453
30.097274031563845
29.510740531373656
28.053833358536217
29.161211599196097
28.426383105294466
29.08325965222517
28.55594869526758
28.053833358536217
31.374095810017742
30.22072524007453
29.161211599196097
30.22072524007453
29.191254480286737
30.55156382079459
29.191254480286737
30.22072524007453
30.22072524007453
30.097274031563845
32.06204429770257
30.22072524007453
31.205004812319537
30.097274031563845
30.22072524007453
28.053833358536217
30.097274031563845
30.097274031563845
30.28816221619306
28.053833358536217
28.053833358536217
28.053833358536217
29.191254480286737
29.161211599196097
28.053833358536217
30.097274031563845
30.097274031563845
30.120699541284402
29.191254480286737
30.22072524007453
28.053833358536217
30.22072524007453
29.161211599196097
30.22072524007453
30.22072524007453
31.47102154273801
30.466379549874965
30.74884953284061
30.097274031563845
28.012233801540553
29.28016564329573
28.053833358536217
32.145953360768175
30.22072524007453
29.161211599196097
30.22072524007453
30.22072524007453
30.097274031563845
30.097274031563845
29.247815499212148
30.097274031563845
30.22072524007453
29.191254480286737
30.22072524007453
28.053833358536217
30.22072524007453
30.22072524007453
28.76620709885597
29.39669421487603
30.22072524007453
28.388822115384617
28.80458260361938
