7204792.0
6111085.0
6588821.0
6825973.0
6811832.0
6753919.0
11826673.0
9059338.0
9788131.0
8221492.0
8942463.0
12645779.0
8481076.0
12208721.0
11351181.0
6655820.0
6167944.0
6380393.0
7989095.0
5525277.0
5936016.0
7066345.0
8459453.0
7376948.0
7605450.0
6423882.0
6671063.0
8276343.0
7192891.0
7902205.0
8831093.0
5815320.0
5235026.0
7635606.0
6607953.0
6723886.0
6010935.0
6276212.0
5483361.0
5087829.0
5741018.0
6079872.0
5816876.0
4913058.0
5123229.0
5434480.0
5205533.0
5634467.0
5124926.0
5134567.0
5321276.0
5522395.0
5124926.0
5394949.0
5321276.0
5123229.0
4793643.0
5124926.0
4665564.0
5695984.0
5126325.0
5674898.0
5123743.0
5355200.0
5123229.0
5282958.0
5321276.0
4715901.0
5339732.0
5439089.0
5124926.0
5123229.0
4726352.0
5282958.0
5322876.0
5123229.0
5472894.0
5123229.0
4665564.0
4794400.0
4665564.0
4665564.0
5063284.0
4801354.0
5282958.0
4665564.0
5548273.0
4862496.0
5321276.0
5123229.0
4673912.0
5282958.0
5123229.0
5123229.0
5123229.0
4874807.0
4665564.0
5715594.0
5123229.0
4673912.0
5179830.0
5123229.0
4688605.0
4695121.0
5126179.0
5455949.0
5124926.0
5124926.0
5335485.0
5303674.0
4693648.0
5124926.0
5123229.0
4665564.0
5282958.0
5123229.0
5124926.0
5123229.0
5087343.0
5655566.0
5305043.0
5491469.0
5031359.0
5123229.0
4665564.0
4989856.0
5123229.0
5282958.0
5321276.0
5282958.0
5233089.0
4665564.0
5123229.0
4708615.0
5121196.0
4763626.0
4665564.0
5776373.0
5321276.0
5123229.0
5321276.0
5124926.0
5397619.0
5124926.0
5321276.0
5321276.0
5282958.0
5773836.0
5321276.0
5657590.0
5282958.0
5321276.0
4665564.0
5282958.0
5282958.0
5290013.0
4665564.0
4665564.0
4665564.0
5124926.0
5123229.0
4665564.0
5282958.0
5282958.0
5283302.0
5124926.0
5321276.0
4665564.0
5321276.0
5123229.0
5321276.0
5321276.0
5548440.0
5374293.0
5431754.0
5282958.0
4680248.0
5128851.0
4665564.0
5832748.0
5321276.0
5123229.0
5321276.0
5321276.0
5282958.0
5282958.0
5126141.0
5282958.0
5321276.0
5124926.0
5321276.0
4665564.0
5321276.0
5321276.0
4828208.0
5134567.0
5321276.0
4836269.0
4864088.0
