1620.2037271737706
1535.9288040574324
1576.1927438764037
1615.5852170163193
1610.3445043778177
1591.337159641453
2116.132683887994
1873.39071069264
1840.49022234721
1840.5890272129639
1823.6759651491068
2191.81045352471
1714.0288188537102
2399.763249333857
2258.2626839505638
1581.064702812664
1519.8434586185645
1539.092195574751
1750.2329630628672
1480.2152464057344
1509.2383682924055
1639.3226463683243
1806.6244918633156
1621.5362605761702
1705.6221465035746
1520.795424160936
1543.4988013021339
1743.5367931567046
1684.79536366714
1729.5692182901817
1926.044463559051
1446.5960309188195
1423.5965126555045
1664.489653205616
1547.334170310024
1602.2271709302656
1494.8409294051883
1547.716865377604
1464.3548562757971
1400.7434154733567
1492.0112886352076
1528.0070595664843
1509.1661755637401
1402.6609860325088
1403.029161036924
1464.9656024698738
1420.884247038758
1468.3023063598637
1402.9133513516035
1403.7094717211276
1454.2237129527452
1444.8971405687953
1402.9133513516035
1461.1431289064446
1454.2237129527452
1403.029161036924
1351.5153095662317
1402.9133513516035
1342.0929533294773
1485.2443835389995
1405.3426195928985
1495.3915233967875
1403.0735998034243
1457.2337432971706
1403.029161036924
1445.1628593025462
1454.2237129527452
1358.0610843162613
1455.5375130195944
1491.4104053167305
1402.9133513516035
1403.029161036924
1346.1126742362064
1445.1628593025462
1454.3582979971648
1403.029161036924
1437.193926643165
1403.029161036924
1342.0929533294773
1352.53813484133
1342.0929533294773
1342.0929533294773
1398.5067529810617
1364.0168391034583
1445.1628593025462
1342.0929533294773
1477.8520751003155
1392.6621379725568
1454.2237129527452
1403.029161036924
1346.4297062577368
1445.1628593025462
1403.029161036924
1403.029161036924
1403.029161036924
1381.7010537681178
1342.0929533294773
1492.3936239316436
1403.029161036924
1346.4297062577368
1407.0791980178226
1403.029161036924
1348.352994878905
1343.7891125568224
1403.0056433847276
1432.1432930319074
1402.9133513516035
1402.9133513516035
1450.221466730889
1452.7797039357156
1343.90292521089
1402.9133513516035
1403.029161036924
1342.0929533294773
1445.1628593025462
1403.029161036924
1402.9133513516035
1403.029161036924
1398.1856190971114
1489.678692970636
1422.4213734776024
1473.5167404043066
1388.3890558455796
1403.029161036924
1342.0929533294773
1381.6361857066704
1403.029161036924
1445.1628593025462
1454.2237129527452
1445.1628593025462
1411.6816091392732
1342.0929533294773
1403.029161036924
1345.005923452343
1429.1119545603735
1349.4825086085145
1342.0929533294773
1503.3638341091123
1454.2237129527452
1403.029161036924
1454.2237129527452
1402.9133513516035
1454.077607349591
1402.9133513516035
1454.2237129527452
1454.2237129527452
1445.1628593025462
1507.3474199218765
1454.2237129527452
1482.9206349770398
1445.1628593025462
1454.2237129527452
1342.0929533294773
1445.1628593025462
1445.1628593025462
1445.7385928720837
1342.0929533294773
1342.0929533294773
1342.0929533294773
1402.9133513516035
1403.029161036924
1342.0929533294773
1445.1628593025462
1445.1628593025462
1445.1862848122669
1402.9133513516035
1454.2237129527452
1342.0929533294773
1454.2237129527452
1403.029161036924
1454.2237129527452
1454.2237129527452
1473.0518985649726
1429.2862232455993
1455.9616760304202
1445.1628593025462
1350.8197716480759
1403.3665668546178
1342.0929533294773
1517.3118588931306
1454.2237129527452
1403.029161036924
1454.2237129527452
1454.2237129527452
1445.1628593025462
1445.1628593025462
1403.276074614462
1445.1628593025462
1454.2237129527452
1402.9133513516035
1454.2237129527452
1342.0929533294773
1454.2237129527452
1454.2237129527452
1356.9133187125353
1403.7094717211276
1454.2237129527452
1389.9783524995796
1358.8235190985881
