26113.073333332963
22260.613333333175
23898.176666666383
24738.64333333306
24649.136666666487
24457.033333333122
41924.933333333356
32381.373333333097
35103.44333333281
29523.813333333022
32076.78999999952
44788.66666666678
30570.183333332858
43012.1466666666
40146.46999999992
24183.846666666417
22480.68333333311
23213.696666666383
28733.056666666325
20232.939999999817
21680.35999999976
25575.503333333105
30450.236666666206
26727.396666666267
27429.5499999997
23407.699999999684
24257.26666666633
29770.48999999963
25932.183333333127
28457.27333333302
31518.946666666474
21282.83999999976
19219.566666666484
27655.649999999612
24077.59999999966
24343.583333333114
21967.269999999702
22872.286666666452
20094.87999999983
18727.089999999826
20998.22666666648
22182.89999999978
21234.336666666488
18098.46999999984
18852.829999999827
19907.963333333195
19113.656666666502
20629.54666666647
18860.39666666646
18893.993333333125
19516.196666666485
20258.473333333128
18860.39666666646
19771.65333333313
19516.196666666485
18852.829999999827
17691.22999999982
18860.39666666646
17236.899999999845
20811.443333333125
18836.55999999985
20740.81666666649
18854.61333333316
19633.99666666649
18852.829999999827
19384.39999999983
19516.196666666485
17413.54999999982
19580.956666666487
19922.09666666651
18860.39666666646
18852.829999999827
17452.816666666513
19384.39999999983
19521.749999999818
18852.829999999827
20082.10999999981
18852.829999999827
17236.899999999845
17692.193333333176
17236.899999999845
17236.899999999845
18641.953333333146
17707.71333333318
19384.39999999983
17236.899999999845
20301.513333333147
17920.75999999981
19516.196666666485
18852.829999999827
17269.646666666526
19384.39999999983
18852.829999999827
18852.829999999827
18852.829999999827
17974.38666666648
17236.899999999845
20906.34999999982
18852.829999999827
17269.646666666526
19053.659999999807
18852.829999999827
17323.4633333332
17342.213333333173
18864.783333333125
20027.87666666651
18860.39666666646
18860.39666666646
19566.099999999828
19454.853333333158
17336.523333333178
18860.39666666646
18852.829999999827
17236.899999999845
19384.39999999983
18852.829999999827
18860.39666666646
18852.829999999827
18701.53999999983
20674.69666666648
19483.91666666648
20103.52666666649
18508.796666666498
18852.829999999827
17236.899999999845
18364.473333333208
18852.829999999827
19384.39999999983
19516.196666666485
19384.39999999983
19240.339999999815
17236.899999999845
18852.829999999827
17389.45333333318
18821.383333333153
17583.963333333177
17236.899999999845
21116.88666666646
19516.196666666485
18852.829999999827
19516.196666666485
18860.39666666646
19787.713333333155
18860.39666666646
19516.196666666485
19516.196666666485
19384.39999999983
21085.979999999803
19516.196666666485
20700.343333333163
19384.39999999983
19516.196666666485
17236.899999999845
19384.39999999983
19384.39999999983
19408.9566666665
17236.899999999845
17236.899999999845
17236.899999999845
18860.39666666646
18852.829999999827
17236.899999999845
19384.39999999983
19384.39999999983
19385.6066666665
18860.39666666646
19516.196666666485
17236.899999999845
19516.196666666485
18852.829999999827
19516.196666666485
19516.196666666485
20306.48999999983
19727.399999999816
19909.116666666483
19384.39999999983
17287.856666666485
18872.709999999828
17236.899999999845
21290.51333333319
19516.196666666485
18852.829999999827
19516.196666666485
19516.196666666485
19384.39999999983
19384.39999999983
18862.956666666494
19384.39999999983
19516.196666666485
18860.39666666646
19516.196666666485
17236.899999999845
19516.196666666485
19516.196666666485
17809.58666666649
18893.993333333125
19516.196666666485
17828.846666666504
17938.906666666513
