-312588.0
-279143.0
-302361.0
-309535.0
-315207.0
-312419.0
-545630.0
-425880.0
-428553.0
-312813.0
-397960.0
-544697.0
-395407.0
-520290.0
-504880.0
-276735.0
-266573.0
-265339.0
-360779.0
-228541.0
-256513.0
-307045.0
-339158.0
-309471.0
-328369.0
-276586.0
-318560.0
-394308.0
-302400.0
-325809.0
-360998.0
-257837.0
-217997.0
-316780.0
-261775.0
-304804.0
-246202.0
-260443.0
-219779.0
-200266.0
-227492.0
-244709.0
-241208.0
-189771.0
-202137.0
-214144.0
-207749.0
-225114.0
-202609.0
-205306.0
-209850.0
-219799.0
-202609.0
-218882.0
-209850.0
-202137.0
-193855.0
-202609.0
-184520.0
-230289.0
-205571.0
-229418.0
-202651.0
-215467.0
-202137.0
-208778.0
-209850.0
-187730.0
-213356.0
-203521.0
-202609.0
-202137.0
-190777.0
-208778.0
-210964.0
-202137.0
-218624.0
-202137.0
-184520.0
-193808.0
-184520.0
-184520.0
-195427.0
-195806.0
-208778.0
-184520.0
-230321.0
-189232.0
-209850.0
-202137.0
-183928.0
-208778.0
-202137.0
-202137.0
-202137.0
-188770.0
-184520.0
-227265.0
-202137.0
-183928.0
-205234.0
-202137.0
-184433.0
-188987.0
-203429.0
-218099.0
-202609.0
-202609.0
-216300.0
-205940.0
-189077.0
-202609.0
-202137.0
-184520.0
-208778.0
-202137.0
-202609.0
-202137.0
-204950.0
-228700.0
-212255.0
-223272.0
-203105.0
-202137.0
-184520.0
-202025.0
-202137.0
-208778.0
-209850.0
-208778.0
-207818.0
-184520.0
-202137.0
-190139.0
-196359.0
-192695.0
-184520.0
-228878.0
-209850.0
-202137.0
-209850.0
-202609.0
-215855.0
-202609.0
-209850.0
-209850.0
-208778.0
-232059.0
-209850.0
-225954.0
-208778.0
-209850.0
-184520.0
-208778.0
-208778.0
-211108.0
-184520.0
-184520.0
-184520.0
-202609.0
-202137.0
-184520.0
-208778.0
-208778.0
-209122.0
-202609.0
-209850.0
-184520.0
-209850.0
-202137.0
-209850.0
-209850.0
-225434.0
-218297.0
-219500.0
-208778.0
-184469.0
-204049.0
-184520.0
-233344.0
-209850.0
-202137.0
-209850.0
-209850.0
-208778.0
-208778.0
-203179.0
-208778.0
-209850.0
-202609.0
-209850.0
-184520.0
-209850.0
-209850.0
-195128.0
-205306.0
-209850.0
-187956.0
-196369.0
