8670
7779
8090
8359
8085
7987
10764
9230
10077
8256
9182
10952
9770
9131
9849
7945
7815
7791
8577
7341
7707
8285
9026
8709
8310
8262
8748
9289
7996
8574
8093
7966
7092
8921
8081
7893
7747
7859
7233
6927
7321
7594
7393
6691
6966
7030
6945
7293
6975
7018
6977
7299
6975
7095
6977
6966
6810
6975
6613
7242
6912
7233
6973
7057
6966
6970
6977
6669
7044
6878
6975
6966
6746
6970
6992
6966
7270
6966
6613
6805
6613
6613
6845
6773
6970
6613
7237
6681
6977
6966
6617
6970
6966
6966
6966
6703
6613
7309
6966
6617
7023
6966
6634
6709
6989
7281
6975
6975
7062
6918
6704
6975
6966
6613
6970
6966
6975
6966
6895
7229
7105
7152
6885
6966
6613
6865
6966
6970
6977
6970
7076
6613
6966
6724
6786
6783
6613
7327
6977
6966
6977
6975
7098
6975
6977
6977
6970
7269
6977
7273
6970
6977
6613
6970
6970
7003
6613
6613
6613
6975
6966
6613
6970
6970
6976
6975
6977
6613
6977
6966
6977
6977
7195
7198
7171
6970
6621
7003
6613
7290
6977
6966
6977
6977
6970
6970
6981
6970
6977
6975
6977
6613
6977
6977
6818
7018
6977
6656
6852
