313588.0
280143.0
303361.0
310535.0
316207.0
313419.0
546630.0
426880.0
429553.0
313813.0
398960.0
545697.0
396407.0
521290.0
505880.0
277735.0
267573.0
266339.0
361779.0
229541.0
257513.0
308045.0
340158.0
310471.0
329369.0
277586.0
319560.0
395308.0
303400.0
326809.0
361998.0
258837.0
218997.0
317780.0
262775.0
305804.0
247202.0
261443.0
220779.0
201266.0
228492.0
245709.0
242208.0
190771.0
203137.0
215144.0
208749.0
226114.0
203609.0
206306.0
210850.0
220799.0
203609.0
219882.0
210850.0
203137.0
194855.0
203609.0
185520.0
231289.0
206571.0
230418.0
203651.0
216467.0
203137.0
209778.0
210850.0
188730.0
214356.0
204521.0
203609.0
203137.0
191777.0
209778.0
211964.0
203137.0
219624.0
203137.0
185520.0
194808.0
185520.0
185520.0
196427.0
196806.0
209778.0
185520.0
231321.0
190232.0
210850.0
203137.0
184928.0
209778.0
203137.0
203137.0
203137.0
189770.0
185520.0
228265.0
203137.0
184928.0
206234.0
203137.0
185433.0
189987.0
204429.0
219099.0
203609.0
203609.0
217300.0
206940.0
190077.0
203609.0
203137.0
185520.0
209778.0
203137.0
203609.0
203137.0
205950.0
229700.0
213255.0
224272.0
204105.0
203137.0
185520.0
203025.0
203137.0
209778.0
210850.0
209778.0
208818.0
185520.0
203137.0
191139.0
197359.0
193695.0
185520.0
229878.0
210850.0
203137.0
210850.0
203609.0
216855.0
203609.0
210850.0
210850.0
209778.0
233059.0
210850.0
226954.0
209778.0
210850.0
185520.0
209778.0
209778.0
212108.0
185520.0
185520.0
185520.0
203609.0
203137.0
185520.0
209778.0
209778.0
210122.0
203609.0
210850.0
185520.0
210850.0
203137.0
210850.0
210850.0
226434.0
219297.0
220500.0
209778.0
185469.0
205049.0
185520.0
234344.0
210850.0
203137.0
210850.0
210850.0
209778.0
209778.0
204179.0
209778.0
210850.0
203609.0
210850.0
185520.0
210850.0
210850.0
196128.0
206306.0
210850.0
188956.0
197369.0
